{
 "cells": [
  {
   "cell_type": "markdown",
   "metadata": {},
   "source": [
    "\n",
    "Implement the Kalman filter with parameters $\\mu, P, A, C, Q, R$. \n",
    "\n",
    "\\begin{eqnarray}\n",
    "x_0 & \\sim & {\\mathcal N}(\\mu, P) \\\\\n",
    "x_{t} & \\sim & {\\mathcal N}(A x_{t-1}, Q) \\\\\n",
    "y_{t} & \\sim & {\\mathcal N}(C x_{t}, R) \n",
    "\\end{eqnarray}\n",
    "\n",
    "Known Parameters:\n",
    "\n",
    "$\\mu$ is $N \\times 1$ \n",
    "\n",
    "$P$ is $N \\times N$ and diagonal, positive semidefinite\n",
    "\n",
    "$A$ is $N \\times N$\n",
    "\n",
    "$C$ is $M \\times N$\n",
    "\n",
    "$Q$ is $N \\times N$ and diagonal, positive semidefinite\n",
    "\n",
    "$R$ is $M \\times M$ and diagonal, positive semidefinite\n",
    "\n",
    "The input to the algorithm are the parameters and a sequence of \n",
    "observations $y_t$ for $t=1 \\dots T$\n",
    "\n",
    "$y_t$ is $M \\times 1$ \n",
    "\n",
    "The output of the algorithm is for $t=1\\dots T$\n",
    "\n",
    "* A sequence of state predictions with\n",
    "\n",
    "-- Predicted state mean estimate: $m_{t|t-1}$\n",
    "\n",
    "-- Covariance Matrix: $\\Sigma_{t|t-1}$\n",
    "\n",
    "* A sequence of state estimates with\n",
    "\n",
    "-- Filtered state estimate: $m_{t|t}$\n",
    "\n",
    "-- Covariances: $\\Sigma_{t|t}$\n",
    "\n",
    "-- A sequence of loglikelihoods $l_k$\n",
    "\n",
    "## Kalman Filter\n",
    "\n",
    "The Kalman filtering algorithm is as follows:\n",
    "\n",
    "### Initialization\n",
    "The algorithm is initialized by\n",
    "\\begin{eqnarray}\n",
    "m_{1|0} & = & \\mu \\\\\n",
    "\\Sigma_{1|0} & = & P \\\\\n",
    "l_0 & = & 0\n",
    "\\end{eqnarray}\n",
    "\n",
    "\n",
    "For $t = 1\\dots T $\n",
    "\n",
    "### Update \n",
    "\\begin{eqnarray}\n",
    "S_t & = & C \\Sigma_{t|t-1} C^\\top + R \\\\\n",
    "G_t & = & \\Sigma_{t|t-1} C^\\top S_t^{-1} \\\\\n",
    "e_t & = & y_t - C m_{t|t-1} \\\\ \n",
    "m_{t|t} & = & m_{t|t-1} + G_t e_t \\\\ \n",
    "\\Sigma_{t|t} & = & \\Sigma_{t|t-1} + G_t C \\Sigma_{t|t-1} \\\\ \n",
    "l_t & = & l_{t-1} - \\frac{1}{2}\\log |2\\pi S_t| - \\frac{1}{2} e_t^\\top S_t^{-1} e_t \n",
    "\\end{eqnarray}\n",
    "\n",
    "### Prediction\n",
    "\n",
    "\\begin{eqnarray}\n",
    "m_{t+1|t} & = & A m_{t|t} \\\\\n",
    "\\Sigma_{t+1|t} & = & A \\Sigma_{t|t} A^\\top + Q \n",
    "\\end{eqnarray}\n",
    "\n",
    "End For\n",
    "\n",
    "## Your Task:\n",
    "\n",
    "The loglikelihood computation seems to require the inversion of a large matrix and the computation of its determinant. We can cirmumvent this by \n",
    "a simple trick that works when the covariance matrix R is diagonal: we update the state by processing each entry of the observation incrementally.\n",
    "\n",
    "We replace the update step with simpler operations where only scalar operations are needed.\n",
    "\n",
    "Consider the observation matrix\n",
    "\n",
    "\\begin{eqnarray}\n",
    "C & = & \\left( \\begin{array}{c} c_1 \\\\ c_2 \\\\ \\vdots \\\\ c_M \\end{array} \\right)\n",
    "\\end{eqnarray}\n",
    "where $c$ are row vectors. For example, if \n",
    "\\begin{eqnarray}\n",
    "C & = & \\left( \\begin{array}{ccc} 1 & 2 & 4 \\\\ 3 & 0 & 3 \\end{array} \\right)\n",
    "\\end{eqnarray}\n",
    "$c_1 = (1,2,4) $ and $c_2 = (3,0,3)$.\n",
    "\n",
    "Similarly, assume that $R$ is diagonal with\n",
    "\\begin{eqnarray}\n",
    "R & = & \\left( \\begin{array}{cccc} \n",
    "r_1 &     &  &  \\\\  \n",
    "    & r_2 &  & \\\\ \n",
    "    & & \\ddots  & \\\\ \n",
    "    &  &  & r_M  \n",
    "\\end{array} \\right)\n",
    "\\end{eqnarray}\n",
    "\n",
    " For example, if \n",
    "\\begin{eqnarray}\n",
    "R & = & \\left( \\begin{array}{ccc} 1 & 0 \\\\ 0 & 4 \\end{array} \\right)\n",
    "\\end{eqnarray}\n",
    "$r_1 = 1 $ and $r_2 = 4$.\n",
    "\n",
    "The new algorithm is as follows\n",
    "## Kalman Filter with incremental updates\n",
    "\n",
    "### Initialization\n",
    "The algorithm is initialized by\n",
    "\\begin{eqnarray}\n",
    "m_{1|0} & = & \\mu \\\\\n",
    "\\Sigma_{1|0} & = & P \\\\\n",
    "l_0 & = & 0\n",
    "\\end{eqnarray}\n",
    "\n",
    "\n",
    "For $t = 1\\dots T $ (OuterFor) \n",
    "### Update\n",
    "\n",
    "\n",
    "Define the temporary covariance and mean\n",
    "\\begin{eqnarray}\n",
    "W_0 = \\Sigma_{t|t-1} \\\\\n",
    "v_0 = m_{t|t-1} \\\\\n",
    "\\lambda_0 = l_{t-1}\n",
    "\\end{eqnarray}\n",
    "\n",
    "For $i=1 \\dots M$ (InnerFor)\n",
    "\\begin{eqnarray}\n",
    "S_{t,i} & = & c_i W_{i-1} c_i^\\top + r_i \\\\\n",
    "G_{t,i} & = & \\frac{1}{S_{t,i}} W_{i-1} c_i^\\top  \\\\\n",
    "e_{t,i} & = & y_t[m] - c_i v_{i-1} \\\\ \n",
    "v_i & = & v_{i-1} + G_{t,i} e_{t,i} \\\\ \n",
    "W_i & = & W_{i-1} + G_{t,i} c_i W_{i-1} \\\\ \n",
    "\\lambda_i & = & \\lambda_{i-1} - \\frac{1}{2}\\log (2\\pi S_{t,i}) - \\frac{e_{t,i}^2}{2 S_{t,i}}  \n",
    "\\end{eqnarray}\n",
    "EndInnerfor \n",
    "\n",
    "\\begin{eqnarray}\n",
    "\\Sigma_{t|t} & = & W_M \\\\\n",
    "m_{t|t} & = & v_M \\\\\n",
    "l_t & = & \\lambda_M\n",
    "\\end{eqnarray}\n",
    "\n",
    "### Prediction\n",
    "\n",
    "\\begin{eqnarray}\n",
    "m_{t+1|t} & = & A m_{t|t} \\\\\n",
    "\\Sigma_{t+1|t} & = & A \\Sigma_{t|t} A^\\top + Q \n",
    "\\end{eqnarray}\n",
    "\n",
    "EndOuterFor\n",
    "\n",
    "Your task is implementing the Kalman filter with incremental updates as an object in C++.\n",
    "\n",
    "All the parameters will be specified when constructing the object and observations will be provided to the filter as a $M \\times T$ matrix.\n",
    "\n"
   ]
  },
  {
   "cell_type": "code",
   "execution_count": 32,
   "metadata": {
    "collapsed": false,
    "scrolled": true
   },
   "outputs": [
    {
     "name": "stdout",
     "output_type": "stream",
     "text": [
      "mu=\n",
      " [[ 10.]\n",
      " [ 10.]\n",
      " [ 10.]]\n",
      "P=\n",
      " [[ 100.    0.    0.]\n",
      " [   0.  100.    0.]\n",
      " [   0.    0.  100.]]\n",
      "A=\n",
      " [[ 10.  -7.   3.]\n",
      " [  4.   6.  -8.]\n",
      " [  2.  -3.  -4.]]\n",
      "C=\n",
      " [[-11.   3.   6.]\n",
      " [ -0. -10.  -4.]\n",
      " [  1.  -1.  -2.]\n",
      " [  4.   3.   3.]\n",
      " [-10.  -6.   9.]]\n",
      "Q=\n",
      " [[ 0.1  0.   0. ]\n",
      " [ 0.   0.1  0. ]\n",
      " [ 0.   0.   0.1]]\n",
      "R=\n",
      " [[ 2.  0.  0.  0.  0.]\n",
      " [ 0.  2.  0.  0.  0.]\n",
      " [ 0.  0.  2.  0.  0.]\n",
      " [ 0.  0.  0.  2.  0.]\n",
      " [ 0.  0.  0.  0.  2.]]\n",
      "observations=\n",
      " [[ -6.  -0.  -1.   2.  -5.   3.   2.  -5.  -0.   5.   3.   4.   4.   2.\n",
      "    4.  -0.   6.  -8.   3.  -1.]\n",
      " [  2.  -3.  -0.  -8.  -6.  11.  -3.  -2.  -2.   3.  -5.  -5.   3.  -3.\n",
      "    4.  -2.  -3.   5.   3.   1.]\n",
      " [ -2.   1.  -4.  -3.  -0.   8.   3.   4.  -3.   6.   7.  -2.  -0.   1.\n",
      "    3.  -4.   1.  -3.   9.   2.]\n",
      " [  2.  -7.   4.   5.   8.  -5.   3.  -0.  12.  -4.  -7.  -3.   1.  -1.\n",
      "   10.   2.   9.   7.  -7.   4.]\n",
      " [  1.  -8.   6.   7.  -1.   1.   1.  -3.   1. -12.   4.  -3.   3.   6.\n",
      "    7.  -1.   2.   4.   2.   2.]]\n"
     ]
    }
   ],
   "source": [
    "import numpy as np\n",
    "\n",
    "N = 3\n",
    "M = 5\n",
    "\n",
    "A = np.matrix(np.ceil(5*np.random.randn(N,N)))\n",
    "C = np.matrix(np.ceil(5*np.random.randn(M,N)))\n",
    "R = np.matrix(2*np.eye(M))\n",
    "Q = np.matrix(0.1*np.eye(N))\n",
    "\n",
    "mu = np.matrix(10*np.ones((N,1)))\n",
    "P = np.matrix(100*np.eye(N))\n",
    "\n",
    "print('mu=\\n',mu)\n",
    "print('P=\\n',P)\n",
    "\n",
    "print('A=\\n',A)\n",
    "print('C=\\n',C)\n",
    "print('Q=\\n',Q)\n",
    "print('R=\\n',R)\n",
    "\n",
    "T = 20;\n",
    "\n",
    "y = np.matrix(np.ceil(5*np.random.randn(M,T)))\n",
    "\n",
    "print('observations=\\n',y)"
   ]
  },
  {
   "cell_type": "markdown",
   "metadata": {},
   "source": [
    "Below is an (very bad numerically unstable) implementation of the Kalman filter for your reference. Nevertheless, for small $M, N, T$ the results would give an indication. Cross check with your implementation that your numerical results are about the same.\n",
    "\n",
    "S_t & = & C \\Sigma_{t|t-1} C^\\top + R \\\\\n",
    "G_t & = & \\Sigma_{t|t-1} C^\\top S_t^{-1} \\\\\n",
    "e_t & = & y_t - C m_{t|t-1} \\\\ \n",
    "m_{t|t} & = & m_{t|t-1} + G_t e_t \\\\ \n",
    "\\Sigma_{t|t} & = & \\Sigma_{t|t-1} + G_t C \\Sigma_{t|t-1} \\\\ \n",
    "l_t & = & l_{t-1} - \\frac{1}{2}\\log |2\\pi S_t| - \\frac{1}{2} e_t^\\top S_t^{-1} e_t "
   ]
  },
  {
   "cell_type": "code",
   "execution_count": 33,
   "metadata": {
    "collapsed": false,
    "scrolled": true
   },
   "outputs": [
    {
     "name": "stdout",
     "output_type": "stream",
     "text": [
      "m_1 =\n",
      " [[ 0.66295492]\n",
      " [-0.44558279]\n",
      " [ 0.53879716]]\n",
      "Sig_1 =\n",
      " [[ 0.0271226  -0.00936572  0.02808098]\n",
      " [-0.00936572  0.01626517 -0.01103528]\n",
      " [ 0.02808098 -0.01103528  0.0429075 ]]\n",
      "l_1 =\n",
      " [[-22.14814412]]\n",
      "\n",
      "\n",
      "m_2 =\n",
      " [[-0.03151112]\n",
      " [ 0.55258933]\n",
      " [-0.37963817]]\n",
      "Sig_2 =\n",
      " [[ 0.02507146 -0.00841167  0.02499624]\n",
      " [-0.00841167  0.01561672 -0.00954542]\n",
      " [ 0.02499624 -0.00954542  0.03823561]]\n",
      "l_2 =\n",
      " [[-248.53157764]]\n",
      "\n",
      "\n",
      "m_3 =\n",
      " [[ 1.06162786]\n",
      " [-0.40533954]\n",
      " [ 1.76391395]]\n",
      "Sig_3 =\n",
      " [[ 0.02505701 -0.00840333  0.02497232]\n",
      " [-0.00840333  0.01560991 -0.00953295]\n",
      " [ 0.02497232 -0.00953295  0.03819488]]\n",
      "l_3 =\n",
      " [[-436.58268363]]\n",
      "\n",
      "\n",
      "m_4 =\n",
      " [[ 0.97768969]\n",
      " [ 0.13173989]\n",
      " [ 2.03032953]]\n",
      "Sig_4 =\n",
      " [[ 0.02505666 -0.0084032   0.02497179]\n",
      " [-0.0084032   0.01560984 -0.00953277]\n",
      " [ 0.02497179 -0.00953277  0.03819406]]\n",
      "l_4 =\n",
      " [[-613.44150938]]\n",
      "\n",
      "\n",
      "m_5 =\n",
      " [[ 1.59212227]\n",
      " [ 0.07772763]\n",
      " [ 1.84339727]]\n",
      "Sig_5 =\n",
      " [[ 0.02505665 -0.0084032   0.02497178]\n",
      " [-0.0084032   0.01560983 -0.00953277]\n",
      " [ 0.02497178 -0.00953277  0.03819404]]\n",
      "l_5 =\n",
      " [[-788.11140973]]\n",
      "\n",
      "\n",
      "m_6 =\n",
      " [[-0.16255088]\n",
      " [-0.61195307]\n",
      " [-0.16587905]]\n",
      "Sig_6 =\n",
      " [[ 0.02505665 -0.0084032   0.02497178]\n",
      " [-0.0084032   0.01560983 -0.00953277]\n",
      " [ 0.02497178 -0.00953277  0.03819404]]\n",
      "l_6 =\n",
      " [[-1037.13061563]]\n",
      "\n",
      "\n",
      "m_7 =\n",
      " [[ 0.66487444]\n",
      " [ 0.123626  ]\n",
      " [ 1.12151453]]\n",
      "Sig_7 =\n",
      " [[ 0.02505665 -0.0084032   0.02497178]\n",
      " [-0.0084032   0.01560983 -0.00953277]\n",
      " [ 0.02497178 -0.00953277  0.03819404]]\n",
      "l_7 =\n",
      " [[-1234.5749761]]\n",
      "\n",
      "\n",
      "m_8 =\n",
      " [[ 0.90311668]\n",
      " [-0.01115352]\n",
      " [ 0.75002444]]\n",
      "Sig_8 =\n",
      " [[ 0.02505665 -0.0084032   0.02497178]\n",
      " [-0.0084032   0.01560983 -0.00953277]\n",
      " [ 0.02497178 -0.00953277  0.03819404]]\n",
      "l_8 =\n",
      " [[-1439.95886106]]\n",
      "\n",
      "\n",
      "m_9 =\n",
      " [[ 1.5320957 ]\n",
      " [-0.07180052]\n",
      " [ 2.12898369]]\n",
      "Sig_9 =\n",
      " [[ 0.02505665 -0.0084032   0.02497178]\n",
      " [-0.0084032   0.01560983 -0.00953277]\n",
      " [ 0.02497178 -0.00953277  0.03819404]]\n",
      "l_9 =\n",
      " [[-1621.43198668]]\n",
      "\n",
      "\n",
      "m_10 =\n",
      " [[-0.31857416]\n",
      " [ 0.5594832 ]\n",
      " [-0.85835364]]\n",
      "Sig_10 =\n",
      " [[ 0.02505665 -0.0084032   0.02497178]\n",
      " [-0.0084032   0.01560983 -0.00953277]\n",
      " [ 0.02497178 -0.00953277  0.03819404]]\n",
      "l_10 =\n",
      " [[-1871.49914363]]\n",
      "\n",
      "\n",
      "m_11 =\n",
      " [[-0.14050266]\n",
      " [ 0.20650754]\n",
      " [ 0.35561729]]\n",
      "Sig_11 =\n",
      " [[ 0.02505665 -0.0084032   0.02497178]\n",
      " [-0.0084032   0.01560983 -0.00953277]\n",
      " [ 0.02497178 -0.00953277  0.03819404]]\n",
      "l_11 =\n",
      " [[-2109.32328033]]\n",
      "\n",
      "\n",
      "m_12 =\n",
      " [[ 0.07194226]\n",
      " [ 0.57301879]\n",
      " [ 0.34948502]]\n",
      "Sig_12 =\n",
      " [[ 0.02505665 -0.0084032   0.02497178]\n",
      " [-0.0084032   0.01560983 -0.00953277]\n",
      " [ 0.02497178 -0.00953277  0.03819404]]\n",
      "l_12 =\n",
      " [[-2318.92591977]]\n",
      "\n",
      "\n",
      "m_13 =\n",
      " [[ 0.36569892]\n",
      " [-0.22082673]\n",
      " [ 0.90322509]]\n",
      "Sig_13 =\n",
      " [[ 0.02505665 -0.0084032   0.02497178]\n",
      " [-0.0084032   0.01560983 -0.00953277]\n",
      " [ 0.02497178 -0.00953277  0.03819404]]\n",
      "l_13 =\n",
      " [[-2526.06155529]]\n",
      "\n",
      "\n",
      "m_14 =\n",
      " [[ 0.44299013]\n",
      " [-0.07921804]\n",
      " [ 1.16971922]]\n",
      "Sig_14 =\n",
      " [[ 0.02505665 -0.0084032   0.02497178]\n",
      " [-0.0084032   0.01560983 -0.00953277]\n",
      " [ 0.02497178 -0.00953277  0.03819404]]\n",
      "l_14 =\n",
      " [[-2726.33978097]]\n",
      "\n",
      "\n",
      "m_15 =\n",
      " [[ 1.05693872]\n",
      " [-0.5472927 ]\n",
      " [ 1.95054512]]\n",
      "Sig_15 =\n",
      " [[ 0.02505665 -0.0084032   0.02497178]\n",
      " [-0.0084032   0.01560983 -0.00953277]\n",
      " [ 0.02497178 -0.00953277  0.03819404]]\n",
      "l_15 =\n",
      " [[-2932.84832205]]\n",
      "\n",
      "\n",
      "m_16 =\n",
      " [[ 0.76607714]\n",
      " [ 0.10300322]\n",
      " [ 1.06934563]]\n",
      "Sig_16 =\n",
      " [[ 0.02505665 -0.0084032   0.02497178]\n",
      " [-0.0084032   0.01560983 -0.00953277]\n",
      " [ 0.02497178 -0.00953277  0.03819404]]\n",
      "l_16 =\n",
      " [[-3130.05025366]]\n",
      "\n",
      "\n",
      "m_17 =\n",
      " [[ 0.84145024]\n",
      " [ 0.19885392]\n",
      " [ 1.64837618]]\n",
      "Sig_17 =\n",
      " [[ 0.02505665 -0.0084032   0.02497178]\n",
      " [-0.0084032   0.01560983 -0.00953277]\n",
      " [ 0.02497178 -0.00953277  0.03819404]]\n",
      "l_17 =\n",
      " [[-3324.11309482]]\n",
      "\n",
      "\n",
      "m_18 =\n",
      " [[ 1.74267859]\n",
      " [-0.91763722]\n",
      " [ 1.98656907]]\n",
      "Sig_18 =\n",
      " [[ 0.02505665 -0.0084032   0.02497178]\n",
      " [-0.0084032   0.01560983 -0.00953277]\n",
      " [ 0.02497178 -0.00953277  0.03819404]]\n",
      "l_18 =\n",
      " [[-3510.16006052]]\n",
      "\n",
      "\n",
      "m_19 =\n",
      " [[-0.24500538]\n",
      " [-0.1748871 ]\n",
      " [-0.06728529]]\n",
      "Sig_19 =\n",
      " [[ 0.02505665 -0.0084032   0.02497178]\n",
      " [-0.0084032   0.01560983 -0.00953277]\n",
      " [ 0.02497178 -0.00953277  0.03819404]]\n",
      "l_19 =\n",
      " [[-3755.55033123]]\n",
      "\n",
      "\n",
      "m_20 =\n",
      " [[ 0.95517484]\n",
      " [-0.28833871]\n",
      " [ 1.30729288]]\n",
      "Sig_20 =\n",
      " [[ 0.02505665 -0.0084032   0.02497178]\n",
      " [-0.0084032   0.01560983 -0.00953277]\n",
      " [ 0.02497178 -0.00953277  0.03819404]]\n",
      "l_20 =\n",
      " [[-3951.00832141]]\n",
      "\n",
      "\n"
     ]
    }
   ],
   "source": [
    "\n",
    "m_pred = mu\n",
    "Sig_pred = P\n",
    "l = 0\n",
    "\n",
    "for t in range(T):\n",
    "    S = C*Sig_pred*C.T + R \n",
    "    G = Sig_pred*C.T*(S.I)\n",
    "    e = y[:,t] - C*m_pred\n",
    "    m = m_pred + G*e\n",
    "    Sig = Sig_pred - G*C*Sig_pred\n",
    "    l = l - 0.5*np.log(np.linalg.det(2*np.pi*S)) - 0.5*e.T*S.I*e\n",
    "    \n",
    "    print('m_{}'.format(t+1), '=\\n', m)\n",
    "    print('Sig_{}'.format(t+1), '=\\n',Sig)\n",
    "    print('l_{}'.format(t+1), '=\\n',l)\n",
    "    print('\\n')\n",
    "    \n",
    "    Sig_pred = A*Sig*A.T + Q\n",
    "    mu_pred = A*mu\n"
   ]
  },
  {
   "cell_type": "code",
   "execution_count": null,
   "metadata": {
    "collapsed": true
   },
   "outputs": [],
   "source": []
  }
 ],
 "metadata": {
  "kernelspec": {
   "display_name": "Python 3",
   "language": "python",
   "name": "python3"
  },
  "language_info": {
   "codemirror_mode": {
    "name": "ipython",
    "version": 3
   },
   "file_extension": ".py",
   "mimetype": "text/x-python",
   "name": "python",
   "nbconvert_exporter": "python",
   "pygments_lexer": "ipython3",
   "version": "3.3.5"
  }
 },
 "nbformat": 4,
 "nbformat_minor": 0
}
